0 0.02734375 0.6162109375 0.0283203125 0.06640625
0 0.125 0.654296875 0.03515625 0.0673828125
0 0.2333984375 0.6005859375 0.0244140625 0.0615234375
0 0.173828125 0.6015625 0.021484375 0.037109375
0 0.2626953125 0.5966796875 0.0341796875 0.0654296875
0 0.3642578125 0.580078125 0.033203125 0.0517578125
0 0.4267578125 0.587890625 0.021484375 0.0498046875
0 0.3330078125 0.5771484375 0.021484375 0.0537109375
0 0.458984375 0.583984375 0.0302734375 0.056640625
0 0.525390625 0.5888671875 0.0283203125 0.05078125
0 0.572265625 0.5556640625 0.0263671875 0.046875
0 0.611328125 0.5654296875 0.0244140625 0.0390625
0 0.685546875 0.5751953125 0.02734375 0.0390625
0 0.73046875 0.5361328125 0.0185546875 0.03515625
0 0.7607421875 0.5234375 0.017578125 0.029296875
0 0.77734375 0.5166015625 0.017578125 0.0283203125
0 0.7998046875 0.58984375 0.0234375 0.037109375
0 0.8154296875 0.5185546875 0.0146484375 0.0263671875
0 0.8447265625 0.537109375 0.01953125 0.029296875
0 0.8779296875 0.533203125 0.0263671875 0.0419921875
0 0.900390625 0.5205078125 0.0205078125 0.03515625
0 0.9228515625 0.533203125 0.0126953125 0.0244140625
0 0.9609375 0.5361328125 0.0224609375 0.0390625
0 0.9814453125 0.498046875 0.0205078125 0.037109375
0 0.939453125 0.5224609375 0.0078125 0.0244140625