0 0.171875 0.5224609375 0.0634765625 0.0693359375
0 0.36328125 0.4228515625 0.0498046875 0.052734375
0 0.4150390625 0.3876953125 0.0458984375 0.052734375
0 0.48046875 0.4013671875 0.037109375 0.0400390625
0 0.5673828125 0.453125 0.0302734375 0.041015625
0 0.740234375 0.40625 0.044921875 0.044921875
0 0.8046875 0.3720703125 0.0341796875 0.03125
0 0.7744140625 0.3310546875 0.017578125 0.033203125
0 0.84375 0.337890625 0.015625 0.0283203125
0 0.8955078125 0.30859375 0.0380859375 0.0244140625
0 0.966796875 0.3466796875 0.0361328125 0.0419921875