0 0.3212890625 0.4677734375 0.025390625 0.0361328125
0 0.400390625 0.5673828125 0.056640625 0.0712890625
0 0.4794921875 0.4853515625 0.025390625 0.03515625
0 0.435546875 0.4990234375 0.0107421875 0.02734375
0 0.556640625 0.48828125 0.0263671875 0.0458984375
0 0.6533203125 0.478515625 0.025390625 0.0302734375
0 0.7734375 0.6083984375 0.0546875 0.0703125
0 0.7294921875 0.4423828125 0.0234375 0.021484375
0 0.57421875 0.4931640625 0.0087890625 0.0224609375
0 0.9052734375 0.4609375 0.017578125 0.0224609375
0 0.939453125 0.4580078125 0.009765625 0.015625
0 0.966796875 0.44921875 0.01171875 0.017578125